1112
1.131225
6.670835e-04
2.470681e-04
2.470681e-04
3.520720e-04
2.470681e-04
3.520720e-04
2.470681e-04
2.470681e-04
2.470681e-04
4.570758e-04
2.995700e-04
4.570758e-04
1.001320e-03
3.567577e-04
8.411314e-04
2.470681e-04
2.470681e-04
2.470681e-04
1.116177e-03
1.335557e-03
2.470681e-04
2.470681e-04
2.470681e-04
1.195819e-03
5.259493e-04
5.761368e-04
2.470681e-04
1.646753e-03
4.570758e-04
2.470681e-04
3.075511e-03
2.470681e-04
2.470681e-04
2.470681e-04
3.170707e-04
2.470681e-04
2.470681e-04
4.570758e-04
5.503119e-04
2.470681e-04
2.470681e-04
2.470681e-04
4.664472e-04
2.470681e-04
4.570758e-04
2.470681e-04
2.470681e-04
2.470681e-04
2.470681e-04
1.646753e-03
4.570758e-04
4.810915e-03
2.470681e-04
2.470681e-04
2.470681e-04
2.470681e-04
6.816228e-04
5.191902e-04
2.470681e-04
2.470681e-04
3.567577e-04
3.520720e-04
2.470681e-04
2.470681e-04
6.355822e-04
2.470681e-04
8.643327e-04
2.470681e-04
2.470681e-04
5.667654e-04
2.470681e-04
3.170707e-04
2.470681e-04
4.296834e-04
1.195819e-03
2.470681e-04
1.116177e-03
2.470681e-04
1.326185e-03
1.646753e-03
1.116177e-03
6.670835e-04
7.708760e-04
2.470681e-04
2.470681e-04
2.470681e-04
2.470681e-04
2.470681e-04
2.470681e-04
2.470681e-04
2.470681e-04
2.470681e-04
2.470681e-04
7.873125e-04
2.470681e-04
7.873125e-04
4.570758e-04
2.470681e-04
2.470681e-04
4.664472e-04
4.664472e-04
4.570758e-04
3.567577e-04
1.116177e-03
6.238145e-04
1.116177e-03
2.470681e-04
7.913123e-04
2.470681e-04
1.195819e-03
4.664472e-04
4.664472e-04
8.864626e-04
1.024687e-03
1.195819e-03
2.470681e-04
3.520720e-04
2.006503e-03
2.470681e-04
2.470681e-04
6.288798e-04
2.470681e-04
2.470681e-04
4.664472e-04
2.470681e-04
3.170707e-04
2.470681e-04
2.470681e-04
4.664472e-04
1.007889e-03
2.470681e-04
6.355822e-04
1.116177e-03
1.646753e-03
2.470681e-04
2.470681e-04
1.116177e-03
3.170707e-04
6.355822e-04
6.764549e-04
4.570758e-04
7.214434e-04
1.116177e-03
2.470681e-04
2.470681e-04
4.570758e-04
2.470681e-04
2.470681e-04
2.470681e-04
3.170707e-04
4.570758e-04
2.470681e-04
2.982177e-03
2.470681e-04
4.570758e-04
2.470681e-04
4.664472e-04
7.913123e-04
1.116177e-03
1.116177e-03
4.570758e-04
4.570758e-04
4.296834e-04
2.470681e-04
4.664472e-04
1.116177e-03
1.116177e-03
1.116177e-03
1.116177e-03
1.116177e-03
1.116177e-03
1.116177e-03
2.470681e-04
2.470681e-04
2.470681e-04
1.116177e-03
1.116177e-03
1.116177e-03
4.664472e-04
1.116177e-03
4.664472e-04
1.116177e-03
6.449536e-04
6.449536e-04
1.116177e-03
7.913123e-04
1.195819e-03
2.195294e-03
1.116177e-03
4.664472e-04
1.116177e-03
2.470681e-04
1.116177e-03
2.470681e-04
4.664472e-04
1.189304e-03
1.116177e-03
1.116177e-03
1.116177e-03
1.116177e-03
4.570758e-04
1.014657e-03
1.116177e-03
8.758798e-04
4.664472e-04
1.116177e-03
5.557004e-04
1.116177e-03
1.116177e-03
1.116177e-03
1.116177e-03
1.116177e-03
1.116177e-03
8.264473e-04
4.570758e-04
2.470681e-04
2.470681e-04
4.664472e-04
2.470681e-04
6.449536e-04
1.116177e-03
1.116177e-03
1.116177e-03
1.116177e-03
2.470681e-04
1.116177e-03
1.116177e-03
2.470681e-04
1.116177e-03
2.470681e-04
2.470681e-04
1.765908e-03
1.116177e-03
2.415638e-03
2.470681e-04
1.332754e-03
4.570758e-04
2.470681e-04
6.816228e-04
6.355822e-04
4.664472e-04
1.116177e-03
4.664472e-04
1.116177e-03
2.470681e-04
1.116177e-03
4.664472e-04
4.664472e-04
4.664472e-04
1.116177e-03
1.116177e-03
1.116177e-03
6.816228e-04
4.570758e-04
1.116177e-03
1.116177e-03
2.470681e-04
1.116177e-03
1.116177e-03
2.470681e-04
6.355822e-04
6.449536e-04
2.470681e-04
1.116177e-03
2.373801e-03
1.116177e-03
2.470681e-04
1.116177e-03
1.116177e-03
1.116177e-03
2.470681e-04
4.664472e-04
1.765908e-03
3.567577e-04
2.470681e-04
4.664472e-04
6.449536e-04
2.470681e-04
6.781085e-04
2.580931e-04
2.580931e-04
6.402873e-04
2.580931e-04
3.630969e-04
2.580931e-04
2.580931e-04
2.580931e-04
4.681008e-04
4.491902e-04
4.681008e-04
1.232489e-03
6.402873e-04
8.950835e-04
2.580931e-04
2.580931e-04
2.580931e-04
1.022482e-03
1.786870e-03
2.580931e-04
2.580931e-04
2.580931e-04
1.022482e-03
1.022482e-03
1.404676e-03
2.580931e-04
1.657778e-03
1.022482e-03
2.580931e-04
3.143461e-03
2.580931e-04
2.580931e-04
2.580931e-04
3.280956e-04
2.580931e-04
2.580931e-04
1.022482e-03
1.022482e-03
2.580931e-04
2.580931e-04
2.580931e-04
1.022482e-03
2.580931e-04
4.681008e-04
2.580931e-04
2.580931e-04
2.580931e-04
2.580931e-04
1.657778e-03
4.681008e-04
5.391655e-03
2.580931e-04
2.580931e-04
2.580931e-04
2.580931e-04
6.402873e-04
6.402873e-04
2.580931e-04
2.580931e-04
6.402873e-04
3.630969e-04
2.580931e-04
2.580931e-04
1.022482e-03
2.580931e-04
1.786870e-03
2.580931e-04
2.580931e-04
8.502950e-04
2.580931e-04
3.280956e-04
2.580931e-04
4.407083e-04
1.022482e-03
2.580931e-04
1.022482e-03
2.580931e-04
1.232489e-03
1.657778e-03
1.022482e-03
6.781085e-04
6.402873e-04
2.580931e-04
2.580931e-04
2.580931e-04
2.580931e-04
2.580931e-04
2.580931e-04
2.580931e-04
2.580931e-04
2.580931e-04
2.580931e-04
1.022482e-03
2.580931e-04
1.022482e-03
1.022482e-03
2.580931e-04
2.580931e-04
1.022482e-03
1.022482e-03
4.681008e-04
6.402873e-04
1.022482e-03
6.348394e-04
1.022482e-03
2.580931e-04
1.022482e-03
2.580931e-04
1.022482e-03
1.022482e-03
1.022482e-03
1.442497e-03
1.127485e-03
1.022482e-03
2.580931e-04
3.630969e-04
1.856873e-03
2.580931e-04
2.580931e-04
1.022482e-03
2.580931e-04
2.580931e-04
1.022482e-03
2.580931e-04
3.280956e-04
2.580931e-04
2.580931e-04
1.022482e-03
1.022482e-03
2.580931e-04
6.466072e-04
1.022482e-03
1.657778e-03
2.580931e-04
2.580931e-04
1.022482e-03
3.280956e-04
1.022482e-03
1.232489e-03
4.681008e-04
6.402873e-04
1.022482e-03
2.580931e-04
2.580931e-04
1.022482e-03
2.580931e-04
2.580931e-04
2.580931e-04
3.280956e-04
4.681008e-04
2.580931e-04
1.786870e-03
2.580931e-04
4.681008e-04
2.580931e-04
1.022482e-03
1.022482e-03
1.022482e-03
1.022482e-03
1.022482e-03
4.681008e-04
4.407083e-04
2.580931e-04
1.022482e-03
1.022482e-03
1.022482e-03
1.022482e-03
1.022482e-03
1.022482e-03
1.022482e-03
1.022482e-03
2.580931e-04
2.580931e-04
2.580931e-04
1.022482e-03
1.022482e-03
1.022482e-03
1.022482e-03
1.022482e-03
1.022482e-03
1.022482e-03
1.022482e-03
1.022482e-03
1.022482e-03
1.022482e-03
1.022482e-03
2.551259e-03
1.022482e-03
1.022482e-03
1.022482e-03
2.580931e-04
1.022482e-03
2.580931e-04
1.022482e-03
1.277278e-03
1.022482e-03
1.022482e-03
1.022482e-03
1.022482e-03
1.022482e-03
1.786870e-03
1.022482e-03
1.022482e-03
1.022482e-03
1.022482e-03
1.022482e-03
1.022482e-03
1.022482e-03
1.022482e-03
1.022482e-03
1.022482e-03
1.022482e-03
1.022482e-03
4.681008e-04
2.580931e-04
2.580931e-04
1.022482e-03
2.580931e-04
1.022482e-03
1.022482e-03
1.022482e-03
1.022482e-03
1.022482e-03
2.580931e-04
1.022482e-03
1.022482e-03
2.580931e-04
1.022482e-03
2.580931e-04
2.580931e-04
1.022482e-03
1.022482e-03
1.022482e-03
2.580931e-04
1.022482e-03
4.681008e-04
2.580931e-04
6.402873e-04
1.022482e-03
1.022482e-03
1.022482e-03
1.022482e-03
1.022482e-03
2.580931e-04
1.022482e-03
1.022482e-03
1.022482e-03
1.022482e-03
1.022482e-03
1.022482e-03
1.022482e-03
6.402873e-04
4.681008e-04
1.022482e-03
1.022482e-03
2.580931e-04
1.022482e-03
1.022482e-03
2.580931e-04
1.022482e-03
1.022482e-03
2.580931e-04
1.022482e-03
1.996878e-03
1.022482e-03
2.580931e-04
1.022482e-03
1.022482e-03
1.022482e-03
2.580931e-04
1.022482e-03
1.022482e-03
6.402873e-04
2.580931e-04
1.022482e-03
1.022482e-03
2.580931e-04
6.781085e-04
2.580931e-04
2.580931e-04
6.402873e-04
2.580931e-04
3.630969e-04
2.580931e-04
2.580931e-04
2.580931e-04
4.681008e-04
4.491902e-04
4.681008e-04
1.232489e-03
6.402873e-04
8.950835e-04
2.580931e-04
2.580931e-04
2.580931e-04
1.022482e-03
1.786870e-03
2.580931e-04
2.580931e-04
2.580931e-04
1.022482e-03
1.022482e-03
1.404676e-03
2.580931e-04
1.657778e-03
1.022482e-03
2.580931e-04
3.143461e-03
2.580931e-04
2.580931e-04
2.580931e-04
3.280956e-04
2.580931e-04
2.580931e-04
1.022482e-03
1.022482e-03
2.580931e-04
2.580931e-04
2.580931e-04
1.022482e-03
2.580931e-04
4.681008e-04
2.580931e-04
2.580931e-04
2.580931e-04
2.580931e-04
1.657778e-03
4.681008e-04
5.391655e-03
2.580931e-04
2.580931e-04
2.580931e-04
2.580931e-04
6.402873e-04
6.402873e-04
2.580931e-04
2.580931e-04
6.402873e-04
3.630969e-04
2.580931e-04
2.580931e-04
1.022482e-03
2.580931e-04
1.786870e-03
2.580931e-04
2.580931e-04
8.502950e-04
2.580931e-04
3.280956e-04
2.580931e-04
4.407083e-04
1.022482e-03
2.580931e-04
1.022482e-03
2.580931e-04
1.232489e-03
1.657778e-03
1.022482e-03
6.781085e-04
6.402873e-04
2.580931e-04
2.580931e-04
2.580931e-04
2.580931e-04
2.580931e-04
2.580931e-04
2.580931e-04
2.580931e-04
2.580931e-04
2.580931e-04
1.022482e-03
2.580931e-04
1.022482e-03
1.022482e-03
2.580931e-04
2.580931e-04
1.022482e-03
1.022482e-03
4.681008e-04
6.402873e-04
1.022482e-03
6.348394e-04
1.022482e-03
2.580931e-04
1.022482e-03
2.580931e-04
1.022482e-03
1.022482e-03
1.022482e-03
1.442497e-03
1.127485e-03
1.022482e-03
2.580931e-04
3.630969e-04
1.856873e-03
2.580931e-04
2.580931e-04
1.022482e-03
2.580931e-04
2.580931e-04
1.022482e-03
2.580931e-04
3.280956e-04
2.580931e-04
2.580931e-04
1.022482e-03
1.022482e-03
2.580931e-04
6.466072e-04
1.022482e-03
1.657778e-03
2.580931e-04
2.580931e-04
1.022482e-03
3.280956e-04
1.022482e-03
1.232489e-03
4.681008e-04
6.402873e-04
1.022482e-03
2.580931e-04
2.580931e-04
1.022482e-03
2.580931e-04
2.580931e-04
2.580931e-04
3.280956e-04
4.681008e-04
2.580931e-04
1.786870e-03
2.580931e-04
4.681008e-04
2.580931e-04
1.022482e-03
1.022482e-03
1.022482e-03
1.022482e-03
1.022482e-03
4.681008e-04
4.407083e-04
2.580931e-04
1.022482e-03
1.022482e-03
1.022482e-03
1.022482e-03
1.022482e-03
1.022482e-03
1.022482e-03
1.022482e-03
2.580931e-04
2.580931e-04
2.580931e-04
1.022482e-03
1.022482e-03
1.022482e-03
1.022482e-03
1.022482e-03
1.022482e-03
1.022482e-03
1.022482e-03
1.022482e-03
1.022482e-03
1.022482e-03
1.022482e-03
2.551259e-03
1.022482e-03
1.022482e-03
1.022482e-03
2.580931e-04
1.022482e-03
2.580931e-04
1.022482e-03
1.277278e-03
1.022482e-03
1.022482e-03
1.022482e-03
1.022482e-03
1.022482e-03
1.786870e-03
1.022482e-03
1.022482e-03
1.022482e-03
1.022482e-03
1.022482e-03
1.022482e-03
1.022482e-03
1.022482e-03
1.022482e-03
1.022482e-03
1.022482e-03
1.022482e-03
4.681008e-04
2.580931e-04
2.580931e-04
1.022482e-03
2.580931e-04
1.022482e-03
1.022482e-03
1.022482e-03
1.022482e-03
1.022482e-03
2.580931e-04
1.022482e-03
1.022482e-03
2.580931e-04
1.022482e-03
2.580931e-04
2.580931e-04
1.022482e-03
1.022482e-03
1.022482e-03
2.580931e-04
1.022482e-03
4.681008e-04
2.580931e-04
6.402873e-04
1.022482e-03
1.022482e-03
1.022482e-03
1.022482e-03
1.022482e-03
2.580931e-04
1.022482e-03
1.022482e-03
1.022482e-03
1.022482e-03
1.022482e-03
1.022482e-03
1.022482e-03
6.402873e-04
4.681008e-04
1.022482e-03
1.022482e-03
2.580931e-04
1.022482e-03
1.022482e-03
2.580931e-04
1.022482e-03
1.022482e-03
2.580931e-04
1.022482e-03
1.996878e-03
1.022482e-03
2.580931e-04
1.022482e-03
1.022482e-03
1.022482e-03
2.580931e-04
1.022482e-03
1.022482e-03
6.402873e-04
2.580931e-04
1.022482e-03
1.022482e-03
2.580931e-04
6.781085e-04
2.580931e-04
2.580931e-04
6.402873e-04
2.580931e-04
3.630969e-04
2.580931e-04
2.580931e-04
2.580931e-04
4.681008e-04
4.491902e-04
4.681008e-04
1.232489e-03
6.402873e-04
8.950835e-04
2.580931e-04
2.580931e-04
2.580931e-04
1.022482e-03
1.786870e-03
2.580931e-04
2.580931e-04
2.580931e-04
1.022482e-03
1.022482e-03
1.404676e-03
2.580931e-04
1.657778e-03
1.022482e-03
2.580931e-04
3.143461e-03
2.580931e-04
2.580931e-04
2.580931e-04
3.280956e-04
2.580931e-04
2.580931e-04
1.022482e-03
1.022482e-03
2.580931e-04
2.580931e-04
2.580931e-04
1.022482e-03
2.580931e-04
4.681008e-04
2.580931e-04
2.580931e-04
2.580931e-04
2.580931e-04
1.657778e-03
4.681008e-04
5.391655e-03
2.580931e-04
2.580931e-04
2.580931e-04
2.580931e-04
6.402873e-04
6.402873e-04
2.580931e-04
2.580931e-04
6.402873e-04
3.630969e-04
2.580931e-04
2.580931e-04
1.022482e-03
2.580931e-04
1.786870e-03
2.580931e-04
2.580931e-04
8.502950e-04
2.580931e-04
3.280956e-04
2.580931e-04
4.407083e-04
1.022482e-03
2.580931e-04
1.022482e-03
2.580931e-04
1.232489e-03
1.657778e-03
1.022482e-03
6.781085e-04
6.402873e-04
2.580931e-04
2.580931e-04
2.580931e-04
2.580931e-04
2.580931e-04
2.580931e-04
2.580931e-04
2.580931e-04
2.580931e-04
2.580931e-04
1.022482e-03
2.580931e-04
1.022482e-03
1.022482e-03
2.580931e-04
2.580931e-04
1.022482e-03
1.022482e-03
4.681008e-04
6.402873e-04
1.022482e-03
6.348394e-04
1.022482e-03
2.580931e-04
1.022482e-03
2.580931e-04
1.022482e-03
1.022482e-03
1.022482e-03
1.442497e-03
1.127485e-03
1.022482e-03
2.580931e-04
3.630969e-04
1.856873e-03
2.580931e-04
2.580931e-04
1.022482e-03
2.580931e-04
2.580931e-04
1.022482e-03
2.580931e-04
3.280956e-04
2.580931e-04
2.580931e-04
1.022482e-03
1.022482e-03
2.580931e-04
6.466072e-04
1.022482e-03
1.657778e-03
2.580931e-04
2.580931e-04
1.022482e-03
3.280956e-04
1.022482e-03
1.232489e-03
4.681008e-04
6.402873e-04
1.022482e-03
2.580931e-04
2.580931e-04
1.022482e-03
2.580931e-04
2.580931e-04
2.580931e-04
3.280956e-04
4.681008e-04
2.580931e-04
1.786870e-03
2.580931e-04
4.681008e-04
2.580931e-04
1.022482e-03
1.022482e-03
1.022482e-03
1.022482e-03
1.022482e-03
4.681008e-04
4.407083e-04
2.580931e-04
1.022482e-03
1.022482e-03
1.022482e-03
1.022482e-03
1.022482e-03
1.022482e-03
1.022482e-03
1.022482e-03
2.580931e-04
2.580931e-04
2.580931e-04
1.022482e-03
1.022482e-03
1.022482e-03
1.022482e-03
1.022482e-03
1.022482e-03
1.022482e-03
1.022482e-03
1.022482e-03
1.022482e-03
1.022482e-03
1.022482e-03
2.551259e-03
1.022482e-03
1.022482e-03
1.022482e-03
2.580931e-04
1.022482e-03
2.580931e-04
1.022482e-03
1.277278e-03
1.022482e-03
1.022482e-03
1.022482e-03
1.022482e-03
1.022482e-03
1.786870e-03
1.022482e-03
1.022482e-03
1.022482e-03
1.022482e-03
1.022482e-03
1.022482e-03
1.022482e-03
1.022482e-03
1.022482e-03
1.022482e-03
1.022482e-03
1.022482e-03
4.681008e-04
2.580931e-04
2.580931e-04
1.022482e-03
2.580931e-04
1.022482e-03
1.022482e-03
1.022482e-03
1.022482e-03
1.022482e-03
2.580931e-04
1.022482e-03
1.022482e-03
2.580931e-04
1.022482e-03
2.580931e-04
2.580931e-04
1.022482e-03
1.022482e-03
1.022482e-03
2.580931e-04
1.022482e-03
4.681008e-04
2.580931e-04
6.402873e-04
1.022482e-03
1.022482e-03
1.022482e-03
1.022482e-03
1.022482e-03
2.580931e-04
1.022482e-03
1.022482e-03
1.022482e-03
1.022482e-03
1.022482e-03
1.022482e-03
1.022482e-03
6.402873e-04
4.681008e-04
1.022482e-03
1.022482e-03
2.580931e-04
1.022482e-03
1.022482e-03
2.580931e-04
1.022482e-03
1.022482e-03
2.580931e-04
1.022482e-03
1.996878e-03
1.022482e-03
2.580931e-04
1.022482e-03
1.022482e-03
1.022482e-03
2.580931e-04
1.022482e-03
1.022482e-03
6.402873e-04
2.580931e-04
1.022482e-03
1.022482e-03
2.580931e-04
