1112
1.658387
4.180665e-04
1.548394e-04
1.548394e-04
3.454344e-04
1.548394e-04
2.206462e-04
1.548394e-04
1.548394e-04
1.548394e-04
2.864530e-04
2.973957e-04
2.864530e-04
2.864530e-04
1.548394e-04
2.508531e-04
1.548394e-04
1.548394e-04
1.548394e-04
1.548394e-04
1.548394e-04
1.548394e-04
1.548394e-04
1.548394e-04
2.864530e-04
1.548394e-04
1.548394e-04
1.548394e-04
1.032263e-03
1.032263e-03
1.548394e-04
5.496800e-04
1.548394e-04
1.548394e-04
1.548394e-04
1.987106e-04
1.548394e-04
1.548394e-04
1.032263e-03
1.032263e-03
1.548394e-04
1.548394e-04
1.548394e-04
1.548394e-04
1.548394e-04
2.864530e-04
1.548394e-04
1.548394e-04
1.548394e-04
1.548394e-04
1.032263e-03
2.864530e-04
6.615515e-04
1.548394e-04
1.548394e-04
1.548394e-04
1.548394e-04
1.548394e-04
1.548394e-04
1.548394e-04
1.548394e-04
1.548394e-04
2.206462e-04
1.548394e-04
1.548394e-04
2.864530e-04
1.548394e-04
1.548394e-04
1.548394e-04
1.548394e-04
2.864530e-04
1.548394e-04
1.987106e-04
1.548394e-04
2.692860e-04
2.864530e-04
1.548394e-04
1.548394e-04
1.548394e-04
2.864530e-04
1.032263e-03
1.548394e-04
4.180665e-04
1.548394e-04
1.548394e-04
1.548394e-04
1.548394e-04
1.548394e-04
1.548394e-04
1.548394e-04
1.548394e-04
1.548394e-04
1.548394e-04
1.548394e-04
1.032263e-03
1.548394e-04
1.032263e-03
2.864530e-04
1.548394e-04
1.548394e-04
1.548394e-04
1.548394e-04
2.864530e-04
1.548394e-04
1.548394e-04
3.325177e-04
1.548394e-04
1.548394e-04
1.548394e-04
1.548394e-04
1.032263e-03
1.548394e-04
1.548394e-04
4.180665e-04
1.470975e-03
1.032263e-03
1.548394e-04
2.206462e-04
1.987106e-04
1.548394e-04
1.548394e-04
1.548394e-04
1.548394e-04
1.548394e-04
1.548394e-04
1.548394e-04
1.987106e-04
1.548394e-04
1.548394e-04
1.548394e-04
1.548394e-04
1.548394e-04
3.983245e-04
1.548394e-04
1.032263e-03
1.548394e-04
1.548394e-04
1.548394e-04
1.987106e-04
3.983245e-04
2.864530e-04
2.864530e-04
2.206462e-04
1.548394e-04
1.548394e-04
1.548394e-04
1.435427e-03
1.548394e-04
1.548394e-04
1.548394e-04
1.987106e-04
2.864530e-04
1.548394e-04
4.484587e-04
1.548394e-04
2.864530e-04
1.548394e-04
1.548394e-04
1.548394e-04
1.548394e-04
1.548394e-04
2.864530e-04
2.864530e-04
2.692860e-04
1.548394e-04
1.548394e-04
1.548394e-04
1.548394e-04
1.548394e-04
1.548394e-04
1.548394e-04
1.548394e-04
1.548394e-04
1.548394e-04
1.548394e-04
1.548394e-04
1.548394e-04
1.548394e-04
1.548394e-04
1.548394e-04
1.548394e-04
1.548394e-04
1.548394e-04
1.548394e-04
1.548394e-04
1.548394e-04
1.548394e-04
1.032263e-03
2.864530e-04
1.548394e-04
1.548394e-04
1.548394e-04
1.548394e-04
1.548394e-04
1.548394e-04
1.548394e-04
1.548394e-04
1.548394e-04
1.548394e-04
1.548394e-04
1.548394e-04
1.548394e-04
2.864530e-04
1.548394e-04
2.206462e-04
1.548394e-04
1.548394e-04
1.548394e-04
1.548394e-04
1.548394e-04
1.548394e-04
1.548394e-04
1.548394e-04
1.548394e-04
1.032263e-03
2.864530e-04
1.548394e-04
1.548394e-04
1.548394e-04
1.548394e-04
1.548394e-04
1.548394e-04
1.548394e-04
1.548394e-04
1.548394e-04
1.548394e-04
1.548394e-04
1.548394e-04
1.548394e-04
1.548394e-04
1.548394e-04
1.548394e-04
1.548394e-04
1.548394e-04
1.548394e-04
1.548394e-04
1.548394e-04
2.864530e-04
1.548394e-04
1.548394e-04
2.864530e-04
1.548394e-04
1.548394e-04
1.548394e-04
1.548394e-04
1.548394e-04
1.548394e-04
1.548394e-04
1.548394e-04
1.548394e-04
1.548394e-04
1.548394e-04
1.548394e-04
1.548394e-04
2.864530e-04
1.548394e-04
1.548394e-04
1.548394e-04
1.548394e-04
1.548394e-04
1.548394e-04
2.864530e-04
1.548394e-04
1.548394e-04
1.548394e-04
2.864530e-04
1.548394e-04
1.548394e-04
1.548394e-04
1.548394e-04
1.548394e-04
1.548394e-04
1.548394e-04
1.548394e-04
1.548394e-04
1.548394e-04
1.548394e-04
1.548394e-04
1.548394e-04
1.548394e-04
1.548394e-04
1.548394e-04
1.548394e-04
4.484587e-04
1.548394e-04
1.548394e-04
1.548394e-04
2.206462e-04
1.548394e-04
1.548394e-04
1.548394e-04
1.548394e-04
1.548394e-04
1.548394e-04
1.548394e-04
1.548394e-04
1.548394e-04
1.548394e-04
2.864530e-04
1.548394e-04
1.548394e-04
1.548394e-04
1.548394e-04
1.548394e-04
1.548394e-04
1.548394e-04
2.259145e-04
1.548394e-04
2.206462e-04
1.548394e-04
1.548394e-04
1.548394e-04
1.548394e-04
1.548394e-04
1.548394e-04
2.291293e-04
1.548394e-04
1.548394e-04
1.548394e-04
1.548394e-04
1.548394e-04
1.548394e-04
1.548394e-04
1.548394e-04
1.548394e-04
1.548394e-04
1.506522e-03
1.548394e-04
1.548394e-04
1.548394e-04
1.548394e-04
2.864530e-04
1.548394e-04
1.548394e-04
1.548394e-04
1.548394e-04
1.548394e-04
1.548394e-04
1.548394e-04
1.548394e-04
2.864530e-04
1.548394e-04
1.548394e-04
1.548394e-04
1.548394e-04
1.548394e-04
2.864530e-04
1.548394e-04
1.548394e-04
1.548394e-04
1.548394e-04
1.548394e-04
1.548394e-04
1.548394e-04
1.548394e-04
1.548394e-04
1.548394e-04
1.548394e-04
1.548394e-04
1.548394e-04
1.548394e-04
1.548394e-04
1.548394e-04
1.548394e-04
2.864530e-04
1.548394e-04
1.548394e-04
1.548394e-04
1.548394e-04
1.548394e-04
1.548394e-04
1.548394e-04
1.548394e-04
1.548394e-04
2.291293e-04
1.548394e-04
1.548394e-04
1.548394e-04
1.548394e-04
1.548394e-04
1.548394e-04
1.548394e-04
1.548394e-04
2.206462e-04
2.864530e-04
1.548394e-04
1.548394e-04
1.548394e-04
1.470975e-03
1.548394e-04
1.548394e-04
1.548394e-04
1.548394e-04
1.548394e-04
1.548394e-04
1.548394e-04
1.548394e-04
1.548394e-04
1.548394e-04
1.548394e-04
1.548394e-04
1.548394e-04
1.548394e-04
1.548394e-04
1.548394e-04
1.548394e-04
1.548394e-04
1.548394e-04
1.548394e-04
1.548394e-04
1.548394e-04
1.548394e-04
1.548394e-04
1.548394e-04
2.206462e-04
1.548394e-04
1.548394e-04
1.548394e-04
1.548394e-04
1.548394e-04
1.548394e-04
1.548394e-04
1.548394e-04
1.548394e-04
1.548394e-04
1.548394e-04
2.864530e-04
1.548394e-04
1.548394e-04
1.548394e-04
1.548394e-04
1.548394e-04
1.548394e-04
1.548394e-04
1.548394e-04
1.548394e-04
1.548394e-04
1.548394e-04
1.548394e-04
1.548394e-04
1.548394e-04
1.548394e-04
1.548394e-04
5.496800e-04
1.548394e-04
1.548394e-04
1.548394e-04
1.548394e-04
3.495993e-04
1.548394e-04
1.548394e-04
1.548394e-04
1.548394e-04
1.548394e-04
1.548394e-04
1.548394e-04
1.548394e-04
1.548394e-04
1.548394e-04
1.548394e-04
1.548394e-04
1.548394e-04
1.548394e-04
1.548394e-04
1.548394e-04
1.548394e-04
1.548394e-04
4.180665e-04
3.454344e-04
1.548394e-04
1.548394e-04
1.548394e-04
1.548394e-04
1.548394e-04
1.548394e-04
1.548394e-04
1.548394e-04
1.548394e-04
1.548394e-04
1.032263e-03
1.548394e-04
1.548394e-04
1.548394e-04
1.548394e-04
1.548394e-04
2.864530e-04
2.864530e-04
1.548394e-04
1.548394e-04
2.864530e-04
1.548394e-04
1.548394e-04
1.548394e-04
1.548394e-04
1.548394e-04
1.548394e-04
1.548394e-04
7.243950e-04
2.206462e-04
1.548394e-04
1.548394e-04
1.548394e-04
4.180665e-04
2.864530e-04
1.548394e-04
1.548394e-04
4.180665e-04
2.885820e-03
1.032263e-03
1.548394e-04
1.548394e-04
1.032263e-03
1.548394e-04
1.987106e-04
2.864530e-04
1.548394e-04
1.548394e-04
2.864530e-04
1.548394e-04
1.548394e-04
1.032263e-03
1.548394e-04
2.864530e-04
1.032263e-03
1.548394e-04
1.548394e-04
1.548394e-04
2.206462e-04
1.548394e-04
1.548394e-04
1.548394e-04
1.032263e-03
1.548394e-04
1.548394e-04
1.548394e-04
1.548394e-04
1.548394e-04
1.548394e-04
1.548394e-04
1.032263e-03
1.548394e-04
1.032263e-03
2.864530e-04
1.548394e-04
1.032263e-03
1.548394e-04
1.548394e-04
2.864530e-04
1.340131e-03
1.548394e-04
1.548394e-04
1.548394e-04
1.548394e-04
1.548394e-04
1.032263e-03
6.708528e-04
1.548394e-04
4.180665e-04
1.548394e-04
1.548394e-04
3.454344e-04
1.548394e-04
2.206462e-04
1.548394e-04
1.548394e-04
1.548394e-04
2.864530e-04
2.973957e-04
2.864530e-04
2.864530e-04
1.548394e-04
2.508531e-04
1.548394e-04
1.548394e-04
1.548394e-04
1.548394e-04
1.548394e-04
1.548394e-04
1.548394e-04
1.548394e-04
2.864530e-04
1.548394e-04
1.548394e-04
1.548394e-04
1.032263e-03
1.032263e-03
1.548394e-04
5.496800e-04
1.548394e-04
1.548394e-04
1.548394e-04
1.987106e-04
1.548394e-04
1.548394e-04
1.032263e-03
1.032263e-03
1.548394e-04
1.548394e-04
1.548394e-04
1.548394e-04
1.548394e-04
2.864530e-04
1.548394e-04
1.548394e-04
1.548394e-04
1.548394e-04
1.032263e-03
2.864530e-04
6.615515e-04
1.548394e-04
1.548394e-04
1.548394e-04
1.548394e-04
1.548394e-04
1.548394e-04
1.548394e-04
1.548394e-04
1.548394e-04
2.206462e-04
1.548394e-04
1.548394e-04
2.864530e-04
1.548394e-04
1.548394e-04
1.548394e-04
1.548394e-04
2.864530e-04
1.548394e-04
1.987106e-04
1.548394e-04
2.692860e-04
2.864530e-04
1.548394e-04
1.548394e-04
1.548394e-04
2.864530e-04
1.032263e-03
1.548394e-04
4.180665e-04
1.548394e-04
1.548394e-04
1.548394e-04
1.548394e-04
1.548394e-04
1.548394e-04
1.548394e-04
1.548394e-04
1.548394e-04
1.548394e-04
1.548394e-04
1.032263e-03
1.548394e-04
1.032263e-03
2.864530e-04
1.548394e-04
1.548394e-04
1.548394e-04
1.548394e-04
2.864530e-04
1.548394e-04
1.548394e-04
3.325177e-04
1.548394e-04
1.548394e-04
1.548394e-04
1.548394e-04
1.032263e-03
1.548394e-04
1.548394e-04
4.180665e-04
1.470975e-03
1.032263e-03
1.548394e-04
2.206462e-04
1.987106e-04
1.548394e-04
1.548394e-04
1.548394e-04
1.548394e-04
1.548394e-04
1.548394e-04
1.548394e-04
1.987106e-04
1.548394e-04
1.548394e-04
1.548394e-04
1.548394e-04
1.548394e-04
3.983245e-04
1.548394e-04
1.032263e-03
1.548394e-04
1.548394e-04
1.548394e-04
1.987106e-04
3.983245e-04
2.864530e-04
2.864530e-04
2.206462e-04
1.548394e-04
1.548394e-04
1.548394e-04
1.435427e-03
1.548394e-04
1.548394e-04
1.548394e-04
1.987106e-04
2.864530e-04
1.548394e-04
4.484587e-04
1.548394e-04
2.864530e-04
1.548394e-04
1.548394e-04
1.548394e-04
1.548394e-04
1.548394e-04
2.864530e-04
2.864530e-04
2.692860e-04
1.548394e-04
1.548394e-04
1.548394e-04
1.548394e-04
1.548394e-04
1.548394e-04
1.548394e-04
1.548394e-04
1.548394e-04
1.548394e-04
1.548394e-04
1.548394e-04
1.548394e-04
1.548394e-04
1.548394e-04
1.548394e-04
1.548394e-04
1.548394e-04
1.548394e-04
1.548394e-04
1.548394e-04
1.548394e-04
1.548394e-04
1.032263e-03
2.864530e-04
1.548394e-04
1.548394e-04
1.548394e-04
1.548394e-04
1.548394e-04
1.548394e-04
1.548394e-04
1.548394e-04
1.548394e-04
1.548394e-04
1.548394e-04
1.548394e-04
1.548394e-04
2.864530e-04
1.548394e-04
2.206462e-04
1.548394e-04
1.548394e-04
1.548394e-04
1.548394e-04
1.548394e-04
1.548394e-04
1.548394e-04
1.548394e-04
1.548394e-04
1.032263e-03
2.864530e-04
1.548394e-04
1.548394e-04
1.548394e-04
1.548394e-04
1.548394e-04
1.548394e-04
1.548394e-04
1.548394e-04
1.548394e-04
1.548394e-04
1.548394e-04
1.548394e-04
1.548394e-04
1.548394e-04
1.548394e-04
1.548394e-04
1.548394e-04
1.548394e-04
1.548394e-04
1.548394e-04
1.548394e-04
2.864530e-04
1.548394e-04
1.548394e-04
2.864530e-04
1.548394e-04
1.548394e-04
1.548394e-04
1.548394e-04
1.548394e-04
1.548394e-04
1.548394e-04
1.548394e-04
1.548394e-04
1.548394e-04
1.548394e-04
1.548394e-04
1.548394e-04
2.864530e-04
1.548394e-04
1.548394e-04
1.548394e-04
1.548394e-04
1.548394e-04
1.548394e-04
2.864530e-04
1.548394e-04
1.548394e-04
1.548394e-04
2.864530e-04
1.548394e-04
1.548394e-04
1.548394e-04
1.548394e-04
1.548394e-04
1.548394e-04
1.548394e-04
1.548394e-04
1.548394e-04
1.548394e-04
1.548394e-04
1.548394e-04
1.548394e-04
1.548394e-04
1.548394e-04
1.548394e-04
1.548394e-04
4.484587e-04
1.548394e-04
1.548394e-04
1.548394e-04
2.206462e-04
1.548394e-04
1.548394e-04
1.548394e-04
1.548394e-04
1.548394e-04
1.548394e-04
1.548394e-04
1.548394e-04
1.548394e-04
1.548394e-04
2.864530e-04
1.548394e-04
1.548394e-04
1.548394e-04
1.548394e-04
1.548394e-04
1.548394e-04
1.548394e-04
2.259145e-04
1.548394e-04
2.206462e-04
1.548394e-04
1.548394e-04
1.548394e-04
1.548394e-04
1.548394e-04
1.548394e-04
2.291293e-04
1.548394e-04
1.548394e-04
1.548394e-04
1.548394e-04
1.548394e-04
1.548394e-04
1.548394e-04
1.548394e-04
1.548394e-04
1.548394e-04
1.506522e-03
1.548394e-04
1.548394e-04
1.548394e-04
1.548394e-04
2.864530e-04
1.548394e-04
1.548394e-04
1.548394e-04
1.548394e-04
1.548394e-04
1.548394e-04
1.548394e-04
1.548394e-04
2.864530e-04
1.548394e-04
1.548394e-04
1.548394e-04
1.548394e-04
1.548394e-04
2.864530e-04
1.548394e-04
1.548394e-04
1.548394e-04
1.548394e-04
1.548394e-04
1.548394e-04
1.548394e-04
1.548394e-04
1.548394e-04
1.548394e-04
1.548394e-04
1.548394e-04
1.548394e-04
1.548394e-04
1.548394e-04
1.548394e-04
1.548394e-04
2.864530e-04
1.548394e-04
1.548394e-04
1.548394e-04
1.548394e-04
1.548394e-04
1.548394e-04
1.548394e-04
1.548394e-04
1.548394e-04
2.291293e-04
1.548394e-04
1.548394e-04
1.548394e-04
1.548394e-04
1.548394e-04
1.548394e-04
1.548394e-04
1.548394e-04
2.206462e-04
2.864530e-04
1.548394e-04
1.548394e-04
1.548394e-04
1.470975e-03
1.548394e-04
1.548394e-04
1.548394e-04
1.548394e-04
1.548394e-04
1.548394e-04
1.548394e-04
1.548394e-04
1.548394e-04
1.548394e-04
1.548394e-04
1.548394e-04
1.548394e-04
1.548394e-04
1.548394e-04
1.548394e-04
1.548394e-04
1.548394e-04
1.548394e-04
1.548394e-04
1.548394e-04
1.548394e-04
1.548394e-04
1.548394e-04
1.548394e-04
2.206462e-04
1.548394e-04
1.548394e-04
1.548394e-04
1.548394e-04
1.548394e-04
1.548394e-04
1.548394e-04
1.548394e-04
1.548394e-04
1.548394e-04
1.548394e-04
2.864530e-04
1.548394e-04
1.548394e-04
1.548394e-04
1.548394e-04
1.548394e-04
1.548394e-04
1.548394e-04
1.548394e-04
1.548394e-04
1.548394e-04
1.548394e-04
1.548394e-04
1.548394e-04
1.548394e-04
1.548394e-04
1.548394e-04
5.496800e-04
1.548394e-04
1.548394e-04
1.548394e-04
1.548394e-04
3.495993e-04
1.548394e-04
1.548394e-04
1.548394e-04
1.548394e-04
1.548394e-04
1.548394e-04
1.548394e-04
1.548394e-04
1.548394e-04
1.548394e-04
1.548394e-04
1.548394e-04
1.548394e-04
1.548394e-04
1.548394e-04
1.548394e-04
1.548394e-04
1.548394e-04
4.180665e-04
3.454344e-04
1.548394e-04
1.548394e-04
1.548394e-04
1.548394e-04
1.548394e-04
1.548394e-04
1.548394e-04
1.548394e-04
1.548394e-04
1.548394e-04
1.032263e-03
1.548394e-04
1.548394e-04
1.548394e-04
1.548394e-04
1.548394e-04
2.864530e-04
2.864530e-04
1.548394e-04
1.548394e-04
2.864530e-04
1.548394e-04
1.548394e-04
1.548394e-04
1.548394e-04
1.548394e-04
1.548394e-04
1.548394e-04
7.243950e-04
2.206462e-04
1.548394e-04
1.548394e-04
1.548394e-04
4.180665e-04
2.864530e-04
1.548394e-04
1.548394e-04
4.180665e-04
2.885820e-03
1.032263e-03
1.548394e-04
1.548394e-04
1.032263e-03
1.548394e-04
1.987106e-04
2.864530e-04
1.548394e-04
1.548394e-04
2.864530e-04
1.548394e-04
1.548394e-04
1.032263e-03
1.548394e-04
2.864530e-04
1.032263e-03
1.548394e-04
1.548394e-04
1.548394e-04
2.206462e-04
1.548394e-04
1.548394e-04
1.548394e-04
1.032263e-03
1.548394e-04
1.548394e-04
1.548394e-04
1.548394e-04
1.548394e-04
1.548394e-04
1.548394e-04
1.032263e-03
1.548394e-04
1.032263e-03
2.864530e-04
1.548394e-04
1.032263e-03
1.548394e-04
1.548394e-04
2.864530e-04
1.340131e-03
1.548394e-04
1.548394e-04
1.548394e-04
1.548394e-04
1.548394e-04
1.032263e-03
6.708528e-04
1.548394e-04
